{
  "asset": {
    "copyright": "",
    "generator": "SharpGLTF 1.0.0-alpha0030",
    "version": "2.0"
  },
  "accessors": [
    {
      "bufferView": 0,
      "componentType": 5126,
      "count": 5790,
      "max": [
        2.1688168048858643,
        0.8403162360191345,
        2.237365245819092
      ],
      "min": [
        -2.140592098236084,
        -0.8319460153579712,
        -2.237365245819092
      ],
      "type": "VEC3"
    },
    {
      "bufferView": 1,
      "componentType": 5126,
      "count": 5790,
      "max": [
        0.9996640682220459,
        0.9999394416809082,
        0.9999215602874756
      ],
      "min": [
        -0.9998049139976501,
        -0.9999533891677856,
        -0.999647855758667
      ],
      "type": "VEC3"
    },
    {
      "bufferView": 2,
      "componentType": 5126,
      "count": 5790,
      "max": [
        0.99951171875,
        0.99951171875,
        0.99951171875,
        1
      ],
      "min": [
        -0.99951171875,
        -0.99951171875,
        -0.99951171875,
        1
      ],
      "type": "VEC4"
    },
    {
      "bufferView": 3,
      "componentType": 5126,
      "count": 5790,
      "max": [
        0.9980999827384949,
        0.9990000128746033
      ],
      "min": [
        0.0010000000474974513,
        0.0029000043869018555
      ],
      "type": "VEC2"
    },
    {
      "bufferView": 4,
      "componentType": 5126,
      "count": 5790,
      "max": [
        0,
        0,
        0,
        1
      ],
      "min": [
        0,
        0,
        0,
        1
      ],
      "type": "VEC4"
    },
    {
      "bufferView": 5,
      "componentType": 5125,
      "count": 19308,
      "type": "SCALAR"
    },
    {
      "bufferView": 6,
      "componentType": 5126,
      "count": 553,
      "max": [
        2.044034719467163,
        0.7684968113899231,
        2.295649528503418
      ],
      "min": [
        -2.0038559436798096,
        -0.8840111494064331,
        -2.412440538406372
      ],
      "type": "VEC3"
    },
    {
      "bufferView": 7,
      "componentType": 5126,
      "count": 553,
      "max": [
        0.9994954466819763,
        0.9893531799316406,
        0.9999746680259705
      ],
      "min": [
        -1,
        -1,
        -0.9326586127281189
      ],
      "type": "VEC3"
    },
    {
      "bufferView": 8,
      "componentType": 5126,
      "count": 553,
      "max": [
        0.99951171875,
        0.80224609375,
        1,
        1
      ],
      "min": [
        -0.935546875,
        -0.92236328125,
        -0.99951171875,
        1
      ],
      "type": "VEC4"
    },
    {
      "bufferView": 9,
      "componentType": 5126,
      "count": 553,
      "max": [
        4.398262977600098,
        1.6686029434204102
      ],
      "min": [
        -4.858038902282715,
        -1.087906837463379
      ],
      "type": "VEC2"
    },
    {
      "bufferView": 10,
      "componentType": 5126,
      "count": 553,
      "max": [
        1,
        0,
        0,
        1
      ],
      "min": [
        0,
        0,
        0,
        1
      ],
      "type": "VEC4"
    },
    {
      "bufferView": 11,
      "componentType": 5125,
      "count": 2400,
      "type": "SCALAR"
    },
    {
      "name": "Bind Matrices",
      "bufferView": 12,
      "componentType": 5126,
      "count": 550,
      "max": [
        1.0000001192092896,
        1.0000001192092896,
        1.0000001192092896,
        0,
        1.0000001192092896,
        1.0000001192092896,
        1.0000001192092896,
        0,
        1.0000003576278687,
        1.0000001192092896,
        1.0000001192092896,
        0,
        1.6488267183303833,
        1.6749464273452759,
        1.5325576066970825,
        1
      ],
      "min": [
        -1.000000238418579,
        -1.0000001192092896,
        -1.0000003576278687,
        0,
        -1.0000005960464478,
        -0.9937872886657715,
        -1.0000001192092896,
        0,
        -0.9999998211860657,
        -1.000000238418579,
        -1.000000238418579,
        0,
        -1.6588256359100342,
        -1.7988258600234985,
        -1.532557725906372,
        1
      ],
      "type": "MAT4"
    }
  ],
  "bufferViews": [
    {
      "buffer": 0,
      "byteLength": 69480,
      "byteOffset": 262512,
      "target": 34962
    },
    {
      "buffer": 0,
      "byteLength": 69480,
      "byteOffset": 331992,
      "target": 34962
    },
    {
      "buffer": 0,
      "byteLength": 92640,
      "target": 34962
    },
    {
      "buffer": 0,
      "byteLength": 46320,
      "byteOffset": 401472,
      "target": 34962
    },
    {
      "buffer": 0,
      "byteLength": 92640,
      "byteOffset": 92640,
      "target": 34962
    },
    {
      "buffer": 0,
      "byteLength": 77232,
      "byteOffset": 185280,
      "target": 34963
    },
    {
      "buffer": 0,
      "byteLength": 6636,
      "byteOffset": 510288,
      "target": 34962
    },
    {
      "buffer": 0,
      "byteLength": 6636,
      "byteOffset": 516924,
      "target": 34962
    },
    {
      "buffer": 0,
      "byteLength": 8848,
      "byteOffset": 492592,
      "target": 34962
    },
    {
      "buffer": 0,
      "byteLength": 4424,
      "byteOffset": 523560,
      "target": 34962
    },
    {
      "buffer": 0,
      "byteLength": 8848,
      "byteOffset": 501440,
      "target": 34962
    },
    {
      "buffer": 0,
      "byteLength": 9600,
      "byteOffset": 482992,
      "target": 34963
    },
    {
      "buffer": 0,
      "byteLength": 35200,
      "byteOffset": 447792
    }
  ],
  "buffers": [
    {
      "byteLength": 527984,
      "uri": "bt_a01_grou_stonestep02_LOD0.bin"
    }
  ],
  "materials": [
    {
      "name": "m_bb_f00_stone02"
    },
    {
      "name": "m_bb_f00_lay_stone01"
    }
  ],
  "meshes": [
    {
      "name": "LOD0_Mesh0",
      "primitives": [
        {
          "attributes": {
            "POSITION": 0,
            "NORMAL": 1,
            "TANGENT": 2,
            "TEXCOORD_0": 3,
            "COLOR_0": 4
          },
          "indices": 5,
          "material": 0
        }
      ]
    },
    {
      "name": "LOD0_Mesh1",
      "primitives": [
        {
          "attributes": {
            "POSITION": 6,
            "NORMAL": 7,
            "TANGENT": 8,
            "TEXCOORD_0": 9,
            "COLOR_0": 10
          },
          "indices": 11,
          "material": 1
        }
      ]
    }
  ],
  "nodes": [
    {
      "name": "Armature",
      "children": [
        1,
        549,
        550,
        551,
        552
      ]
    },
    {
      "name": "skeleton",
      "children": [
        2,
        547,
        548
      ]
    },
    {
      "name": "n_root",
      "children": [
        3,
        473,
        474,
        475,
        476,
        477,
        478,
        479,
        480,
        481,
        482,
        483,
        484,
        485,
        486,
        487,
        488,
        489,
        490,
        491,
        492,
        493,
        494,
        495,
        496,
        497,
        498,
        499,
        500,
        501,
        502,
        503,
        504,
        505,
        506,
        507,
        508,
        509,
        510,
        511,
        512,
        513,
        514,
        515,
        516,
        517,
        518,
        519,
        520,
        521,
        522,
        523,
        524,
        525,
        526,
        527,
        528,
        529,
        530,
        531,
        532,
        533,
        534,
        535,
        536,
        537,
        538,
        539,
        540,
        541,
        542,
        543,
        544,
        545,
        546
      ],
      "matrix": [
        0.99999994,
        0,
        0,
        0,
        0,
        0.99999994,
        0,
        0,
        0,
        0,
        0.99999994,
        0,
        0,
        0,
        0,
        1
      ]
    },
    {
      "name": "n_center",
      "children": [
        4,
        151,
        469,
        470,
        471,
        472
      ],
      "matrix": [
        1.0000001,
        0,
        0,
        0,
        0,
        1.0000001,
        0,
        0,
        0,
        0,
        1.0000001,
        0,
        0,
        1.1160908,
        0,
        1
      ]
    },
    {
      "name": "j_hip",
      "children": [
        5,
        29,
        49,
        50,
        51,
        52,
        53,
        54,
        55,
        56,
        57,
        58,
        60,
        62,
        64,
        66,
        68,
        70,
        89,
        128,
        129,
        130,
        131,
        132,
        133,
        134,
        136,
        137,
        138,
        139,
        140,
        141,
        142,
        143,
        144,
        145,
        146,
        147,
        148,
        149,
        150
      ],
      "matrix": [
        0,
        -0.9999998,
        0,
        0,
        0,
        0,
        -0.9999998,
        0,
        0.9999998,
        0,
        0,
        0,
        -4.4408908E-18,
        4.7683716E-07,
        -8.8817815E-18,
        1
      ]
    },
    {
      "name": "j_leg_01_l",
      "children": [
        6,
        21,
        24,
        25,
        26,
        27
      ],
      "matrix": [
        0.995269,
        -0.004798595,
        0.09704047,
        0,
        0.0048213443,
        0.9999885,
        5.3070842E-08,
        0,
        -0.09703934,
        0.0004678127,
        0.9952807,
        0,
        0.13230586,
        -0.03867788,
        0.087932736,
        1
      ]
    },
    {
      "name": "j_leg_02_l",
      "children": [
        7,
        10,
        13,
        19,
        20
      ],
      "matrix": [
        0.9954187,
        0.09561094,
        -7.094714E-08,
        0,
        -0.09561093,
        0.99541867,
        -2.3529269E-07,
        0,
        4.8125557E-08,
        2.4099805E-07,
        0.9999998,
        0,
        0.44278926,
        -1.8626451E-08,
        1.0430813E-07,
        1
      ]
    },
    {
      "name": "j_leg_03_l",
      "children": [
        8,
        9
      ],
      "matrix": [
        0.37439588,
        -0.92617744,
        -0.044970635,
        0,
        0.9222234,
        0.37697282,
        -0.08599122,
        0,
        0.0965959,
        -0.009278234,
        0.99528044,
        0,
        0.44871658,
        2.2351742E-08,
        1.6391277E-07,
        1
      ]
    },
    {
      "name": "j_toe_l",
      "matrix": [
        0.8317407,
        -0.55516434,
        -8.644198E-09,
        0,
        0.55516446,
        0.83174086,
        2.8521164E-08,
        0,
        -8.644199E-09,
        -2.852116E-08,
        1.0000001,
        0,
        0.17074145,
        1.3411045E-07,
        0,
        1
      ]
    },
    {
      "name": "j_bero_03",
      "matrix": [
        0.99999845,
        -3.191186E-06,
        -0.0017428382,
        0,
        1.4691507E-06,
        0.9999995,
        -0.0009880642,
        0,
        0.0017428409,
        0.0009880604,
        0.9999981,
        0,
        0.009695962,
        3.0387193E-05,
        -4.8720394E-05,
        1
      ]
    },
    {
      "name": "j_knee_01_l",
      "children": [
        11,
        12
      ],
      "matrix": [
        0.99999994,
        -8.881785E-16,
        5.9604645E-08,
        0,
        -8.881786E-16,
        1,
        2.9802326E-08,
        0,
        -5.960466E-08,
        -2.980233E-08,
        1.0000001,
        0,
        1.1920929E-07,
        -5.9604645E-08,
        8.940697E-08,
        1
      ]
    },
    {
      "name": "j_knee_02_l",
      "matrix": [
        1,
        -2.9802326E-08,
        -4.440893E-16,
        0,
        2.9802326E-08,
        1,
        2.9802326E-08,
        0,
        -4.440893E-16,
        -2.9802326E-08,
        1,
        0,
        0,
        1.4901161E-08,
        -4.4703484E-08,
        1
      ]
    },
    {
      "name": "j_nakedKnee_01_l",
      "matrix": [
        1,
        -2.9802326E-08,
        -4.440893E-16,
        0,
        2.9802326E-08,
        1,
        2.9802326E-08,
        0,
        -4.440893E-16,
        -2.9802326E-08,
        1,
        0,
        0,
        0.020000014,
        1.4901161E-08,
        1
      ]
    },
    {
      "name": "j_lowLegPress_l",
      "children": [
        14,
        17,
        18
      ],
      "matrix": [
        0.99999994,
        -8.881785E-16,
        5.9604645E-08,
        0,
        -8.881786E-16,
        1,
        2.9802326E-08,
        0,
        -5.960466E-08,
        -2.980233E-08,
        1.0000001,
        0,
        0.44871658,
        2.2351742E-08,
        1.6391277E-07,
        1
      ]
    },
    {
      "name": "j_lowLegRoll_01_l",
      "children": [
        15
      ],
      "matrix": [
        1,
        -2.9802326E-08,
        -4.440893E-16,
        0,
        2.9802326E-08,
        1,
        2.9802326E-08,
        0,
        -4.440893E-16,
        -2.9802326E-08,
        1,
        0,
        1.7136335E-07,
        -7.4505806E-08,
        2.9802322E-08,
        1
      ]
    },
    {
      "name": "j_ankleArmorSub_l",
      "children": [
        16
      ],
      "matrix": [
        1,
        -2.9802326E-08,
        -4.440893E-16,
        0,
        2.9802326E-08,
        1,
        2.9802326E-08,
        0,
        -4.440893E-16,
        -2.9802326E-08,
        1,
        0,
        7.450581E-09,
        7.450581E-09,
        0,
        1
      ]
    },
    {
      "name": "j_ankleArmor_l",
      "matrix": [
        0.7660446,
        -0.64278764,
        8.144112E-08,
        0,
        0.64278764,
        0.7660446,
        1.2478706E-07,
        0,
        -1.4259909E-07,
        -4.3243098E-08,
        1,
        0,
        0.02540075,
        -0.0036767945,
        0.0016108155,
        1
      ]
    },
    {
      "name": "j_lowLegRoll_02_l",
      "matrix": [
        1,
        -2.9802326E-08,
        -4.440893E-16,
        0,
        2.9802326E-08,
        1,
        2.9802326E-08,
        0,
        -4.440893E-16,
        -2.9802326E-08,
        1,
        0,
        1.7136335E-07,
        -7.4505806E-08,
        2.9802322E-08,
        1
      ]
    },
    {
      "name": "j_ankle_l",
      "matrix": [
        1,
        -2.9802326E-08,
        -4.440893E-16,
        0,
        2.9802326E-08,
        1,
        2.9802326E-08,
        0,
        -4.440893E-16,
        -2.9802326E-08,
        1,
        0,
        1.7136335E-07,
        -7.4505806E-08,
        2.9802322E-08,
        1
      ]
    },
    {
      "name": "j_legRollSrc_l",
      "matrix": [
        1,
        -8.9406996E-08,
        1.7881396E-07,
        0,
        8.940698E-08,
        1.0000001,
        1.1920933E-07,
        0,
        -1.78814E-07,
        -1.1920932E-07,
        1.0000002,
        0,
        0.44871658,
        2.2351742E-08,
        1.6391277E-07,
        1
      ]
    },
    {
      "name": "j_bero_02",
      "matrix": [
        0.99999887,
        -1.2715418E-06,
        -0.0015026326,
        0,
        -8.668509E-09,
        0.99999976,
        -0.0008519781,
        0,
        0.0015026329,
        0.00085197686,
        0.99999833,
        0,
        0.018221505,
        0.0054043736,
        -0.00015071395,
        1
      ]
    },
    {
      "name": "j_upLegPress_l",
      "children": [
        22,
        23
      ],
      "matrix": [
        1,
        1.7763573E-15,
        1.192093E-07,
        0,
        1.7763573E-15,
        1,
        -2.9802326E-08,
        0,
        -1.1920929E-07,
        2.9802322E-08,
        0.99999994,
        0,
        1.1920929E-07,
        -7.0780516E-08,
        0,
        1
      ]
    },
    {
      "name": "j_upLegRoll_01_l",
      "matrix": [
        1,
        8.881786E-16,
        5.960465E-08,
        0,
        8.881786E-16,
        1,
        -2.9802326E-08,
        0,
        -5.960466E-08,
        2.980233E-08,
        1.0000001,
        0,
        5.9604645E-08,
        -1.1175871E-08,
        0,
        1
      ]
    },
    {
      "name": "j_upLegRoll_02_l",
      "matrix": [
        1,
        8.881786E-16,
        5.960465E-08,
        0,
        8.881786E-16,
        1,
        -2.9802326E-08,
        0,
        -5.960466E-08,
        2.980233E-08,
        1.0000001,
        0,
        5.9604645E-08,
        -1.1175871E-08,
        0,
        1
      ]
    },
    {
      "name": "j_addLegCol_l",
      "matrix": [
        1,
        1.7763573E-15,
        1.192093E-07,
        0,
        1.7763573E-15,
        1,
        -2.9802326E-08,
        0,
        -1.1920929E-07,
        2.9802322E-08,
        0.99999994,
        0,
        1.1920929E-07,
        -7.0780516E-08,
        0,
        1
      ]
    },
    {
      "name": "j_addUpperLegA_l",
      "matrix": [
        1,
        1.7763573E-15,
        1.192093E-07,
        0,
        1.7763573E-15,
        1,
        -2.9802326E-08,
        0,
        -1.1920929E-07,
        2.9802322E-08,
        0.99999994,
        0,
        1.1920929E-07,
        -7.0780516E-08,
        0,
        1
      ]
    },
    {
      "name": "j_addUpperLegB_l",
      "matrix": [
        1,
        1.7763573E-15,
        1.192093E-07,
        0,
        1.7763573E-15,
        1,
        -2.9802326E-08,
        0,
        -1.1920929E-07,
        2.9802322E-08,
        0.99999994,
        0,
        1.1920929E-07,
        -7.0780516E-08,
        0,
        1
      ]
    },
    {
      "name": "j_nakedLegTwist_01_l",
      "children": [
        28
      ],
      "matrix": [
        1,
        1.7763573E-15,
        1.192093E-07,
        0,
        1.7763573E-15,
        1,
        -2.9802326E-08,
        0,
        -1.1920929E-07,
        2.9802322E-08,
        0.99999994,
        0,
        0.22000015,
        -4.4703484E-08,
        5.9604645E-08,
        1
      ]
    },
    {
      "name": "j_nakedLegTwist_02_l",
      "matrix": [
        1,
        8.881786E-16,
        5.960465E-08,
        0,
        8.881786E-16,
        1,
        -2.9802326E-08,
        0,
        -5.960466E-08,
        2.980233E-08,
        1.0000001,
        0,
        5.9604645E-08,
        0.019999903,
        2.9802322E-08,
        1
      ]
    },
    {
      "name": "j_leg_01_r",
      "children": [
        30,
        43,
        46,
        47
      ],
      "matrix": [
        0.995269,
        -0.0047987076,
        -0.09704047,
        0,
        0.004821469,
        0.9999885,
        6.020128E-08,
        0,
        0.09703934,
        -0.00046793756,
        0.9952807,
        0,
        0.13230586,
        -0.038677894,
        -0.087932736,
        1
      ]
    },
    {
      "name": "j_leg_02_r",
      "children": [
        31,
        33,
        36,
        42
      ],
      "matrix": [
        0.99541867,
        0.09561105,
        6.238905E-08,
        0,
        -0.09561105,
        0.99541867,
        5.6683646E-08,
        0,
        -5.6683643E-08,
        -6.238904E-08,
        0.9999998,
        0,
        0.4427892,
        7.8231096E-08,
        -1.0430813E-07,
        1
      ]
    },
    {
      "name": "j_leg_03_r",
      "children": [
        32
      ],
      "matrix": [
        0.37439606,
        -0.92617756,
        0.044970516,
        0,
        0.9222234,
        0.37697294,
        0.0859912,
        0,
        -0.09659583,
        0.009278111,
        0.99528044,
        0,
        0.4487166,
        0,
        1.4901161E-08,
        1
      ]
    },
    {
      "name": "j_toe_r",
      "matrix": [
        0.8317406,
        -0.55516434,
        8.297492E-08,
        0,
        0.55516446,
        0.8317408,
        -6.827509E-08,
        0,
        -3.1109725E-08,
        1.0285189E-07,
        1.0000001,
        0,
        0.1707414,
        6.7055225E-08,
        -1.4901161E-08,
        1
      ]
    },
    {
      "name": "j_knee_01_r",
      "children": [
        34,
        35
      ],
      "matrix": [
        1,
        5.960465E-08,
        -5.960465E-08,
        0,
        -5.960465E-08,
        1,
        5.960465E-08,
        0,
        5.960466E-08,
        -5.960466E-08,
        1.0000001,
        0,
        1.1920929E-07,
        -1.0430813E-07,
        8.940697E-08,
        1
      ]
    },
    {
      "name": "j_knee_02_r",
      "matrix": [
        1,
        2.9802326E-08,
        4.440893E-16,
        0,
        -2.9802326E-08,
        1,
        2.9802326E-08,
        0,
        4.440893E-16,
        -2.9802326E-08,
        1,
        0,
        0,
        -1.4901161E-08,
        4.4703484E-08,
        1
      ]
    },
    {
      "name": "j_nakedKnee_01_r",
      "matrix": [
        1,
        2.9802326E-08,
        4.440893E-16,
        0,
        -2.9802326E-08,
        1,
        2.9802326E-08,
        0,
        4.440893E-16,
        -2.9802326E-08,
        1,
        0,
        -5.9604645E-08,
        0.020000018,
        4.4703484E-08,
        1
      ]
    },
    {
      "name": "j_lowLegPress_r",
      "children": [
        37,
        40,
        41
      ],
      "matrix": [
        1,
        5.960465E-08,
        -5.960465E-08,
        0,
        -5.960465E-08,
        1,
        5.960465E-08,
        0,
        5.960466E-08,
        -5.960466E-08,
        1.0000001,
        0,
        0.4487166,
        0,
        1.4901161E-08,
        1
      ]
    },
    {
      "name": "j_lowLegRoll_01_r",
      "children": [
        38
      ],
      "matrix": [
        1,
        2.9802326E-08,
        4.440893E-16,
        0,
        -2.9802326E-08,
        1,
        2.9802326E-08,
        0,
        4.440893E-16,
        -2.9802326E-08,
        1,
        0,
        6.7055225E-08,
        -3.7252903E-08,
        4.4703484E-08,
        1
      ]
    },
    {
      "name": "j_ankleArmorSub_r",
      "children": [
        39
      ],
      "matrix": [
        1,
        2.9802326E-08,
        4.440893E-16,
        0,
        -2.9802326E-08,
        1,
        2.9802326E-08,
        0,
        4.440893E-16,
        -2.9802326E-08,
        1,
        0,
        0,
        -1.4901161E-08,
        0,
        1
      ]
    },
    {
      "name": "j_ankleArmor_r",
      "matrix": [
        0.7660446,
        -0.64278764,
        -2.0365425E-07,
        0,
        0.64278764,
        0.7660446,
        -1.3755403E-07,
        0,
        2.444262E-07,
        -2.5533907E-08,
        1,
        0,
        0.025400762,
        -0.0036767945,
        -0.0016108006,
        1
      ]
    },
    {
      "name": "j_lowLegRoll_02_r",
      "matrix": [
        1,
        2.9802326E-08,
        4.440893E-16,
        0,
        -2.9802326E-08,
        1,
        2.9802326E-08,
        0,
        4.440893E-16,
        -2.9802326E-08,
        1,
        0,
        6.7055225E-08,
        -3.7252903E-08,
        4.4703484E-08,
        1
      ]
    },
    {
      "name": "j_ankle_r",
      "matrix": [
        1,
        2.9802326E-08,
        4.440893E-16,
        0,
        -2.9802326E-08,
        1,
        2.9802326E-08,
        0,
        4.440893E-16,
        -2.9802326E-08,
        1,
        0,
        6.7055225E-08,
        -3.7252903E-08,
        4.4703484E-08,
        1
      ]
    },
    {
      "name": "j_legRollSrc_r",
      "matrix": [
        1.0000001,
        -2.9802333E-08,
        -1.7881399E-07,
        0,
        2.9802326E-08,
        1.0000001,
        -2.9802333E-08,
        0,
        1.78814E-07,
        2.980233E-08,
        1.0000002,
        0,
        0.4487166,
        0,
        1.4901161E-08,
        1
      ]
    },
    {
      "name": "j_upLegPress_r",
      "children": [
        44,
        45
      ],
      "matrix": [
        1,
        2.980233E-08,
        -1.192093E-07,
        0,
        -2.9802322E-08,
        1,
        2.980233E-08,
        0,
        1.1920929E-07,
        -2.980232E-08,
        0.99999994,
        0,
        1.1920929E-07,
        -3.3527613E-08,
        -5.9604645E-08,
        1
      ]
    },
    {
      "name": "j_upLegRoll_01_r",
      "matrix": [
        1,
        2.6645361E-15,
        -5.960465E-08,
        0,
        2.6645361E-15,
        1,
        8.940698E-08,
        0,
        5.960466E-08,
        -8.9406996E-08,
        1.0000001,
        0,
        0,
        2.2351742E-08,
        2.9802322E-08,
        1
      ]
    },
    {
      "name": "j_upLegRoll_02_r",
      "matrix": [
        1,
        2.6645361E-15,
        -5.960465E-08,
        0,
        2.6645361E-15,
        1,
        8.940698E-08,
        0,
        5.960466E-08,
        -8.9406996E-08,
        1.0000001,
        0,
        0,
        2.2351742E-08,
        2.9802322E-08,
        1
      ]
    },
    {
      "name": "j_addLegCol_r",
      "matrix": [
        1,
        2.980233E-08,
        -1.192093E-07,
        0,
        -2.9802322E-08,
        1,
        2.980233E-08,
        0,
        1.1920929E-07,
        -2.980232E-08,
        0.99999994,
        0,
        1.1920929E-07,
        -3.3527613E-08,
        -5.9604645E-08,
        1
      ]
    },
    {
      "name": "j_nakedLegTwist_01_r",
      "children": [
        48
      ],
      "matrix": [
        1,
        2.980233E-08,
        -1.192093E-07,
        0,
        -2.9802322E-08,
        1,
        2.980233E-08,
        0,
        1.1920929E-07,
        -2.980232E-08,
        0.99999994,
        0,
        0.22000015,
        -2.4959445E-07,
        -8.940697E-08,
        1
      ]
    },
    {
      "name": "j_nakedLegTwist_02_r",
      "matrix": [
        1,
        2.6645361E-15,
        -5.960465E-08,
        0,
        2.6645361E-15,
        1,
        8.940698E-08,
        0,
        5.960466E-08,
        -8.9406996E-08,
        1.0000001,
        0,
        5.9604645E-08,
        0.019999973,
        1.1920929E-07,
        1
      ]
    },
    {
      "name": "j_legUp_l",
      "matrix": [
        1.0000001,
        2.980233E-08,
        4.4408937E-16,
        0,
        -2.980233E-08,
        1.0000001,
        2.980233E-08,
        0,
        4.4408937E-16,
        -2.980233E-08,
        1.0000001,
        0,
        0.13230586,
        -0.03867788,
        0.087932736,
        1
      ]
    },
    {
      "name": "j_hip_l",
      "matrix": [
        1.0000001,
        2.980233E-08,
        4.4408937E-16,
        0,
        -2.980233E-08,
        1.0000001,
        2.980233E-08,
        0,
        4.4408937E-16,
        -2.980233E-08,
        1.0000001,
        0,
        0.13230586,
        -0.03867788,
        0.087932736,
        1
      ]
    },
    {
      "name": "j_hip_r",
      "matrix": [
        1.0000001,
        2.980233E-08,
        4.4408937E-16,
        0,
        -2.980233E-08,
        1.0000001,
        2.980233E-08,
        0,
        4.4408937E-16,
        -2.980233E-08,
        1.0000001,
        0,
        0.13230586,
        -0.038677894,
        -0.087932736,
        1
      ]
    },
    {
      "name": "j_legUp_r",
      "matrix": [
        1.0000001,
        2.980233E-08,
        -4.4408937E-16,
        0,
        -2.980233E-08,
        1.0000001,
        -2.980233E-08,
        0,
        -4.4408937E-16,
        2.980233E-08,
        1.0000001,
        0,
        0.13230586,
        -0.038677894,
        -0.087932736,
        1
      ]
    },
    {
      "name": "j_addHipBack_l",
      "matrix": [
        0.99543417,
        0.0042044846,
        0.09535923,
        0,
        -0.0041405186,
        0.9999912,
        -0.00086865213,
        0,
        -0.09536204,
        0.00046984924,
        0.9954428,
        0,
        0.13230586,
        -0.03867788,
        0.087932736,
        1
      ]
    },
    {
      "name": "j_addHipBack_r",
      "matrix": [
        0.99543417,
        0.0042044846,
        -0.09535923,
        0,
        -0.0041405186,
        0.9999912,
        0.00086865213,
        0,
        0.09536203,
        -0.00046984918,
        0.9954427,
        0,
        0.13230586,
        -0.038677894,
        -0.087932736,
        1
      ]
    },
    {
      "name": "j_addHipFront_l",
      "matrix": [
        0.99543417,
        0.0042044846,
        0.09535923,
        0,
        -0.0041405186,
        0.9999912,
        -0.00086865213,
        0,
        -0.09536204,
        0.00046984924,
        0.9954428,
        0,
        0.13230586,
        -0.03867788,
        0.087932736,
        1
      ]
    },
    {
      "name": "j_addHipFront_r",
      "matrix": [
        0.99543417,
        0.0042044846,
        -0.09535923,
        0,
        -0.0041405186,
        0.9999912,
        0.00086865213,
        0,
        0.09536203,
        -0.00046984918,
        0.9954427,
        0,
        0.13230586,
        -0.038677894,
        -0.087932736,
        1
      ]
    },
    {
      "name": "j_addHip_l",
      "matrix": [
        0.99543417,
        0.0042044846,
        0.09535923,
        0,
        -0.0041405186,
        0.9999912,
        -0.00086865213,
        0,
        -0.09536204,
        0.00046984924,
        0.9954428,
        0,
        0.13230586,
        -0.03867788,
        0.087932736,
        1
      ]
    },
    {
      "name": "j_legBackOffset_01_l",
      "children": [
        59
      ],
      "matrix": [
        0.99543446,
        0.004210413,
        0.09535463,
        0,
        -0.0041458434,
        0.999991,
        -0.000875252,
        0,
        -0.09535746,
        0.00047593057,
        0.995443,
        0,
        0.13230586,
        -0.03867788,
        0.087932736,
        1
      ]
    },
    {
      "name": "j_addLegBack_01_l",
      "matrix": [
        1,
        -2.9802326E-08,
        -4.440893E-16,
        0,
        2.9802326E-08,
        1,
        2.9802326E-08,
        0,
        -4.440893E-16,
        -2.9802326E-08,
        1,
        0,
        2.3841858E-07,
        -9.685755E-08,
        8.940697E-08,
        1
      ]
    },
    {
      "name": "j_legBackOffset_01_r",
      "children": [
        61
      ],
      "matrix": [
        0.99543446,
        0.004210413,
        -0.09535463,
        0,
        -0.0041458434,
        0.999991,
        0.000875252,
        0,
        0.09535746,
        -0.00047593057,
        0.995443,
        0,
        0.13230586,
        -0.038677894,
        -0.087932736,
        1
      ]
    },
    {
      "name": "j_addLegBack_01_r",
      "matrix": [
        1,
        -2.9802326E-08,
        4.440893E-16,
        0,
        2.9802326E-08,
        1,
        -2.9802326E-08,
        0,
        4.440893E-16,
        2.9802326E-08,
        1,
        0,
        1.7881393E-07,
        -2.9802322E-08,
        -2.9802322E-08,
        1
      ]
    },
    {
      "name": "j_legFrontOffset_01_l",
      "children": [
        63
      ],
      "matrix": [
        0.99543446,
        0.004210413,
        0.09535463,
        0,
        -0.0041458434,
        0.999991,
        -0.000875252,
        0,
        -0.09535746,
        0.00047593057,
        0.995443,
        0,
        0.13230586,
        -0.03867788,
        0.087932736,
        1
      ]
    },
    {
      "name": "j_addLegFront_01_l",
      "matrix": [
        1,
        -2.9802326E-08,
        -4.440893E-16,
        0,
        2.9802326E-08,
        1,
        2.9802326E-08,
        0,
        -4.440893E-16,
        -2.9802326E-08,
        1,
        0,
        2.3841858E-07,
        -9.685755E-08,
        8.940697E-08,
        1
      ]
    },
    {
      "name": "j_legFrontOffset_01_r",
      "children": [
        65
      ],
      "matrix": [
        0.99543446,
        0.004210413,
        -0.09535463,
        0,
        -0.0041458434,
        0.999991,
        0.000875252,
        0,
        0.09535746,
        -0.00047593057,
        0.995443,
        0,
        0.13230586,
        -0.038677894,
        -0.087932736,
        1
      ]
    },
    {
      "name": "j_addLegFront_01_r",
      "matrix": [
        1,
        -2.9802326E-08,
        4.440893E-16,
        0,
        2.9802326E-08,
        1,
        -2.9802326E-08,
        0,
        4.440893E-16,
        2.9802326E-08,
        1,
        0,
        1.7881393E-07,
        -2.9802322E-08,
        -2.9802322E-08,
        1
      ]
    },
    {
      "name": "j_addSkirtClothA_01_c",
      "children": [
        67
      ],
      "matrix": [
        0.9893643,
        -0.14490204,
        -0.012732989,
        0,
        -0.14491376,
        -0.98944426,
        1.108274E-07,
        0,
        -0.012598598,
        0.0018450754,
        -0.99991894,
        0,
        0.014821053,
        -0.15556133,
        0.0015024543,
        1
      ]
    },
    {
      "name": "j_addSkirtClothA_02_c",
      "matrix": [
        0.9933316,
        -0.115289755,
        -0.00042438088,
        0,
        0.115289785,
        0.99333185,
        5.2923493E-08,
        0,
        0.00042154497,
        -4.897936E-05,
        0.99999976,
        0,
        0.07152498,
        -0.0006362498,
        0.0015024543,
        1
      ]
    },
    {
      "name": "j_addSkirtClothB_01_c",
      "children": [
        69
      ],
      "matrix": [
        0.97779477,
        0.20956594,
        -6.280515E-09,
        0,
        -0.20956594,
        0.97779477,
        -5.9272857E-08,
        0,
        -6.280515E-09,
        5.9272857E-08,
        1.0000002,
        0,
        0.014313698,
        0.07274185,
        0,
        1
      ]
    },
    {
      "name": "j_addSkirtClothB_02_c",
      "matrix": [
        0.97729146,
        -0.21189758,
        -1.2702399E-08,
        0,
        0.21189758,
        0.97729146,
        1.18530544E-07,
        0,
        -1.2702402E-08,
        -1.18530565E-07,
        0.99999976,
        0,
        0.07151258,
        -5.9604645E-08,
        5.9604645E-08,
        1
      ]
    },
    {
      "name": "j_addSkirtRoot_r",
      "children": [
        71,
        73,
        75,
        77,
        79,
        81,
        83,
        85
      ],
      "matrix": [
        1.0000001,
        2.980233E-08,
        4.4408937E-16,
        0,
        -2.980233E-08,
        1.0000001,
        2.980233E-08,
        0,
        4.4408937E-16,
        -2.980233E-08,
        1.0000001,
        0,
        0,
        0,
        0,
        1
      ]
    },
    {
      "name": "j_addSkirtClothA_01_r",
      "children": [
        72
      ],
      "matrix": [
        0.97953826,
        -0.2005235,
        -0.017178187,
        0,
        -0.19914779,
        -0.9534031,
        -0.22663254,
        0,
        0.02906741,
        0.22541624,
        -0.9738287,
        0,
        0.015021563,
        -0.1520893,
        -0.046844542,
        1
      ]
    },
    {
      "name": "j_addSkirtClothA_02_r",
      "matrix": [
        0.98408115,
        -0.17728052,
        -0.01248743,
        0,
        0.17729415,
        0.98415804,
        -1.542771E-05,
        0,
        0.012292339,
        -0.0021987665,
        0.99992204,
        0,
        0.07177842,
        -0.002229482,
        -0.0007714033,
        1
      ]
    },
    {
      "name": "j_addSkirtClothB_01_r",
      "children": [
        74
      ],
      "matrix": [
        0.9935375,
        -0.0649344,
        -0.09309468,
        0,
        -0.1035805,
        -0.85408723,
        -0.5097117,
        0,
        -0.046413157,
        0.5160604,
        -0.8552935,
        0,
        0.014151216,
        -0.13343337,
        -0.09393281,
        1
      ]
    },
    {
      "name": "j_addSkirtClothB_02_r",
      "matrix": [
        0.99990195,
        0.013992742,
        1.7901807E-07,
        0,
        -0.01399274,
        0.9999018,
        2.8550508E-08,
        0,
        -1.7860107E-07,
        -3.1052675E-08,
        1,
        0,
        0.07215643,
        1.1920929E-07,
        8.940697E-08,
        1
      ]
    },
    {
      "name": "j_addSkirtClothC_01_r",
      "children": [
        76
      ],
      "matrix": [
        0.98060393,
        -0.07377215,
        -0.18158638,
        0,
        -0.1911741,
        -0.5643196,
        -0.80311644,
        0,
        -0.043225113,
        0.8222536,
        -0.5674773,
        0,
        0.015525818,
        -0.09127829,
        -0.14327428,
        1
      ]
    },
    {
      "name": "j_addSkirtClothC_02_r",
      "matrix": [
        0.9987568,
        -0.049844805,
        -6.032911E-08,
        0,
        0.049844813,
        0.99875695,
        2.8307115E-08,
        0,
        5.8843153E-08,
        -3.127902E-08,
        0.9999999,
        0,
        0.072221816,
        2.0861626E-07,
        1.4901161E-08,
        1
      ]
    },
    {
      "name": "j_addSkirtClothD_01_r",
      "children": [
        78
      ],
      "matrix": [
        0.97765005,
        0.002453938,
        -0.21022438,
        0,
        -0.20978442,
        0.077088304,
        -0.974704,
        0,
        0.01381395,
        0.9970212,
        0.07588017,
        0,
        0.015410423,
        -0.044560313,
        -0.15573263,
        1
      ]
    },
    {
      "name": "j_addSkirtClothD_02_r",
      "matrix": [
        0.9994541,
        -0.03304198,
        4.5497593E-08,
        0,
        0.033041973,
        0.9994539,
        -4.7683518E-08,
        0,
        -4.3897202E-08,
        4.9160835E-08,
        1.0000004,
        0,
        0.07412779,
        8.940697E-08,
        2.9802322E-08,
        1
      ]
    },
    {
      "name": "j_addSkirtClothE_01_r",
      "children": [
        80
      ],
      "matrix": [
        0.9812037,
        0.11733265,
        -0.15320668,
        0,
        -0.19135827,
        0.4890508,
        -0.8510061,
        0,
        -0.024924945,
        0.8643276,
        0.502311,
        0,
        0.015286684,
        0.025089119,
        -0.13242075,
        1
      ]
    },
    {
      "name": "j_addSkirtClothE_02_r",
      "matrix": [
        0.9999307,
        -0.011774514,
        8.772849E-11,
        0,
        0.011774514,
        0.9999307,
        -1.4900902E-08,
        0,
        8.772849E-11,
        1.4900902E-08,
        1,
        0,
        0.068856,
        8.940697E-08,
        0,
        1
      ]
    },
    {
      "name": "j_addSkirtClothF_01_r",
      "children": [
        82
      ],
      "matrix": [
        0.96437895,
        0.2283246,
        -0.13356972,
        0,
        -0.26438686,
        0.8482394,
        -0.45890027,
        0,
        0.008520855,
        0.47786778,
        0.87839013,
        0,
        0.014575958,
        0.05883217,
        -0.09575617,
        1
      ]
    },
    {
      "name": "j_addSkirtClothF_02_r",
      "matrix": [
        0.9719458,
        -0.23520483,
        4.8596128E-08,
        0,
        0.2352048,
        0.9719457,
        9.5837024E-08,
        0,
        -6.9774146E-08,
        -8.1718376E-08,
        1.0000001,
        0,
        0.06998527,
        -8.940697E-08,
        0,
        1
      ]
    },
    {
      "name": "j_addSkirtClothG_01_r",
      "children": [
        84
      ],
      "matrix": [
        0.97009826,
        0.23741332,
        -0.050441258,
        0,
        -0.24153206,
        0.9647748,
        -0.1042685,
        0,
        0.023909716,
        0.113333866,
        0.99326915,
        0,
        0.014168501,
        0.070727594,
        -0.045681596,
        1
      ]
    },
    {
      "name": "j_addSkirtClothG_02_r",
      "matrix": [
        0.968464,
        -0.2487619,
        0.013960242,
        0,
        0.24878567,
        0.96855855,
        3.7399703E-05,
        0,
        -0.013530615,
        0.0034368872,
        0.9999024,
        0,
        0.07281035,
        0,
        8.940697E-08,
        1
      ]
    },
    {
      "name": "j_addWaistSkirtClothC_01_r",
      "children": [
        86
      ],
      "matrix": [
        0.95465755,
        0.0002530366,
        -0.29770586,
        0,
        -0.29683208,
        0.07737434,
        -0.9517897,
        0,
